function ret = createGraph()
        #A B C D E F G H I
  ret = [0 5 0 2 0 0 0 0 0 ; #A 
         5 0 4 3 5 6 0 0 0 ; #B
         0 4 0 0 0 3 0 0 0 ; #C
         2 3 0 0 7 0 6 8 0 ; #D
         0 5 0 7 0 1 0 3 0 ; #E
         0 6 3 0 1 0 0 4 4 ; #F
         0 0 0 6 0 0 0 4 0 ; #G
         0 0 0 8 3 4 4 0 2 ; #H
         0 0 0 0 0 4 0 2 0]; #I
endfunction
