function ret = createGraph()
  ret = [0 4 5 0 0 ; 4 0 0 1 7 ; 5 0 0 2 0 ; 0 1 2 0 1 ; 0 7 0 1 0];
endfunction
